 streamer_id |  chatting_speed_mean   
-------------+------------------------
   139069248 |     1.2143744020081424
    93232761 |     0.4947050416351796
   149397653 |       0.72397249308997
   235134111 |    0.16511713393403557
   146816332 |    0.20609092450951566
   195349493 |     0.5981879458033602
   137952594 |    0.37401669560251255
   103825127 |       2.34039851263535
   150897407 |    0.20942999626715525
   138080875 |      1.494036657652213
   138433237 |    0.32477596682079096
   180916265 |     0.3393824162369486
   429533286 |    0.25620384038036736
   137722246 |     0.3299424870305489
   137724490 |     0.4584787240024574
   137753119 |     0.7377162833098804
   140271538 |     0.8889437797363362
   149188013 |      1.467759446875555
   102213243 |     0.4797064134380246
   140639269 |     0.5979175681935368
   132766907 |    0.23119388904203875
   133923936 |     1.4226036870246863
   190835892 |     1.7887459719740697
   419523951 |       4.81046590342216
   191603590 |    0.09223930522720271
   183651812 |     0.6400319000648507
    30904062 |     1.9664094240200296
   116199723 |     0.1385190037009649
   130433306 |     1.1742693495542245
   147090450 |     1.5867362562625629
   137724090 |     0.6606225479205116
   148057505 |     2.2544394496498725
   133125464 |     0.1359582697009353
   137922988 |     1.3123963252442166
   138625411 |     1.7228719694179773
   153038592 |     0.3147944889745489
   108107800 |    0.22511295055705052
   136821629 |    0.27667842111459906
   155267231 |    0.03577094765884669
   162426690 |    0.24882228811061693
   102381201 |     2.2882629728469794
   114621304 |    0.09489909528705961
   135013913 |     0.1788674120863689
   138117045 |     1.0825824360617566
   172160180 |    0.05020884189527525
   239725723 |    0.07047087466562758
   137687203 |      1.759688813395482
   140665755 |     0.7007110309160054
   238592346 |     0.5939962253834457
   439360392 |     0.5929206784254482
   152596920 |     1.2138713425210326
   174020476 |      0.704690941171528
   135119210 |    0.10391235599219438
   185845084 |     0.1434253367172284
   127718836 |     0.5917624306917205
   137604582 |     0.2004954936192766
   137736535 |     1.0229604815073106
   142116214 |     0.1683305088610501
   137957580 |     0.1754585190461646
   151326507 |     0.6724264538627536
   134586700 |     1.5933577968725832
    62153957 |    0.10134704489944817
   107168627 |    0.20315086169137378
   181341562 |     0.0893635076773059
   156748712 |     1.8819975976945622
   143852946 |    0.15274011564875525
   137480766 |    0.21360706023293788
   154008278 |    0.43245860887203086
   170347275 |      0.238836681158272
   102845970 |      1.538414947336708
   114367508 |    0.15036244018486017
   120568022 |     1.0623074632991187
    93049594 |     2.6187280429329083
   114898662 |     0.5048676812194084
   498619048 |     0.2315770707596824
   140569811 |     0.2418848802976161
   123128567 |      0.305727981320006
   103743841 |     0.4424656274977597
   102522459 |   0.024256392166584758
   141813183 |    0.19515176274045637
   102900195 |     0.9683587510085326
   133505944 |     0.2965288868955629
   129125799 |    0.12789649398009417
   115567280 |    0.20024477420415965
   169657197 |    0.08622490978397096
   137798768 |    0.15174550084192953
   137965864 |      0.155598523050935
    46834933 |      2.181821381975932
   515465920 |     0.4910518042766127
   124096937 |    0.03158356423319442
   138094321 |     0.5817004470892934
    55714124 |     0.2543134259408235
    92371909 |      2.272635371246271
   134301181 |     0.7747228687985193
   175163251 |     0.8472902235223906
   137404969 |      1.619940464929811
   131821771 |    0.10614474417598242
   197058185 |     0.9604093418860611
   182941022 |    0.04908486167540225
   158076069 |    0.21075222666938237
   165451779 |    0.24238455567463937
   140950220 |     0.1398248144815009
    47341896 |    0.11411780574317881
   181038320 |    0.25528798781083367
   137538550 |    0.24147205643513975
   207254119 |    0.15920218409597303
   184505726 |    0.10106818424665258
   138553702 |    0.13840448329864302
   128035304 |     0.7490856647144515
   138009898 |     0.3253754401011349
   219198252 |     0.1069061345336027
   138117244 |     1.1298027234198837
   139398915 |    0.18900316835716408
    75777439 |    0.16372148061228636
   497246587 |    0.16674153182575657
   230052888 |    0.04647256483511211
   461675571 |     2.0108502390529854
   137804292 |    0.24642321141312046
   133549505 |    0.42372622896264167
   137923480 |     0.5207519367304722
   145808617 |    0.17734068210203788
   205842531 |     0.2360358798753659
   157806505 |    0.44079455143461677
   140775418 |    0.19624070239989164
   138387776 |   0.032338560386291244
    80853533 |     0.2540589661139652
   147918001 |     1.2594367759051046
   119850800 |    0.23683901935718163
   105552237 |    0.07978849141834402
   149589358 |    0.12217723759298207
   160799893 |    0.02213192137068747
    68771419 |     0.2008086326318889
   131735434 |      2.127726492534436
   420157307 |      0.625780494456832
   155817940 |    0.07050518331436555
    81496294 |    0.03131547944623575
    48731544 |    0.36177835724312746
   239678780 |    0.09727998631303145
   184401308 |     0.3394774843605857
    84016053 |     2.0931266640878277
    81857784 |      1.902672905332812
   143754803 |     0.3706519752653971
   137543315 |    0.31386535324998244
    81478902 |     0.5921097462793423
   165218965 |    0.41114694068736013
   128424582 |    0.22387798576918963
   415632230 |      1.414367133630393
   159265391 |     0.2447818074854085
   148159588 |     0.8968377842946795
    48677678 |    0.36924500640404595
   145818965 |   0.011496635325759128
   139623867 |    0.11692940129868687
   106961925 |     0.4850111177895104
   138689767 |     0.5622348392574141
   132696479 |     0.2959715889339531
   152286442 |    0.20602441601034813
   146796121 |     0.5483330221692044
   113164795 |     0.8617535246244673
   169197945 |    0.13096717959739212
   169282799 |      0.343822719333486
    60450342 |    0.11192637018662431
    86403736 |     0.5351100553303872
   233330685 |    0.21852613856835712
   207988328 |    0.21231876122100082
   139060194 |     0.7567378308328295
   198870799 |    0.10100984129633153
   248451229 |    0.19957284435529532
   139054497 |     0.2050938499468177
   161982841 |     0.9286881626147683
   144295271 |    0.33721142567545886
    76582567 |     0.1188771909816247
   275644615 |     1.1426181144028298
   146213792 |    0.23079618052147202
    82291376 |    0.07977446409535141
   408052786 |    0.05024319439207608
   102188531 |     0.3271676536407367
   490638667 |     0.7120227309863615
   191731514 |    0.04556154765177422
   138116997 |     0.5971944575708265
   417376829 |     0.2154997248475534
   150315362 |    0.07905643013361817
   141819679 |     1.0945259433291101
    81650103 |    0.05891078343005498
   445859940 |     0.5458054522008291
   205653531 |     0.2657610711680951
    29654002 |     1.4792870527748503
   146549780 |     1.8210999432168413
   148568875 |     0.4927386254931354
   130968411 |      0.568115272989545
   411889539 |     0.4346782462027015
   156735529 |    0.18050330465072506
   102619512 |    0.36343907779934226
   153941706 |    0.09760068594385334
   138116960 |     0.3477721900478857
   145143869 |     1.0608927890051614
    81693888 |    0.11630756475869487
   137498697 |   0.009082002466454471
   194018600 |    0.38352515783864005
   160989002 |     0.7410456114897052
   137407035 |     0.1549476165889365
   160337120 |    0.11382884998571066
   157419602 |     0.3397837095450975
   265012973 |    0.17670717566832578
    93751276 |    0.07360375956496236
   225871292 |     0.7076356603623299
   175045528 |     0.8472759440524597
   178304730 |    0.11524224004264774
   237244418 |    0.07493278770246321
   508929205 |    0.04800851755301576
   158152822 |    0.12508980651119184
   138037470 |   0.006115848244187235
   274441932 |    0.20316889074880212
   411133518 |     0.6968260561593674
   168600640 |    0.22867783063951683
   410861159 |      1.688435541871769
   155941312 |    0.12187926035510804
   138682867 |    0.07434610114757427
   427647856 |     0.4605445393377486
   132092858 |    0.10457669167738404
   139765945 |    0.15099912664860973
   130445097 |     0.5243707199741883
   153038708 |     0.8851958065943077
   132530460 |     0.3248978015281439
   154547582 |      0.138641748528112
   267282340 |    0.47755829631389246
   149784166 |    0.15051035118553563
   275084616 |    0.09363216974955092
    31173188 |    0.02168229906258235
   149377787 |     0.2680955037342429
   117796960 |    0.08672117319800068
   139959488 |     0.1962991933425574
   169519864 |    0.06832119518802286
   140313226 |    0.28040926974603353
    90299558 |    0.01564072484001781
   138660135 |     0.2747011623336018
   138117201 |     0.5311322854574589
   275027074 |     0.6577939505174688
   131993274 |   0.047995564030120556
   188831872 |     0.3487378950509971
   131334795 |    0.06327757588676164
   137877158 |     0.2891613116064671
   142514479 |     0.1940073375818684
   174727736 |    0.04880945682482893
   198099866 |    0.17808503506216433
    85422960 |    0.11591703654795014
   242111978 |     0.0123176346865047
   192426095 |    0.25003489274573376
   178434287 |    0.18407710323041634
   144636778 |    0.21140050869161728
   102243997 |    0.04801147245510059
   142012105 |     0.7799222659837431
   262969223 |     0.5012937786228194
   169942573 |    0.20451061706776194
   139112808 |    0.06692187846504186
   132520584 |    0.05970581838089142
   174461459 |    0.17632743215127752
   275325502 |     0.1790761543355658
   453105863 |     1.1173889518200593
   137884624 |     0.3309653897141441
   142993844 |    0.12242750087751716
   151249156 |     0.3888802749562026
   194230187 |     0.7085984884904758
    66375105 |      2.234455684473294
   141630000 |     0.5310722051873732
   231608364 |     0.1427076108133282
    74796282 |    0.10627005209850365
   175175907 |     0.1651039453562139
   140958679 |    0.19684571379044516
   506322057 |    0.17171161948937835
   133016680 |    0.08805886675411757
   267825977 |     0.1724538369848745
   175645925 |     0.3115724123710206
   163040472 |    0.24298038311488449
   137957166 |   0.029983043776229824
   206463404 |    0.16334505715784642
   187427347 |    0.09330558369501302
   165623114 |    0.24101500371668189
    61047029 |     0.1297778468055606
   102389470 |    0.08801149785714497
   159510826 |     0.0739092595654834
   127537753 |    0.07797212717714028
   122900905 |     0.2252364654122758
   239934759 |   0.060678518230539505
    68546854 |     0.6974772157425798
   179811902 |     0.3348468348150066
   111849561 |    0.09109812388773236
   178523508 |     0.1049720964420781
   123369344 |    0.08747287556549088
   154320256 |    0.04548206469102827
   494104927 |    0.12175932820340919
   216454756 |    0.04992171582755524
   106094955 |    0.22988413469463934
   166561955 |   0.051398131233035764
   485819189 |   0.009941981388627945
   151970623 |     0.1378777173841003
   417506294 |    0.14864345043901725
   137612832 |     0.4478761441357277
   142162289 |    0.16677242133770884
   153175273 |    0.09535038394394312
   263090102 |    0.05116138947202973
   203907303 |       0.05483228327733
    83272255 |    0.04963970034741278
   479844790 |    0.09477786874047076
   419690750 |    0.40220248306497325
   487093830 |     0.2620533384558973
   137952370 |   0.019043444407326953
   132092822 |   0.055150363837640014
   134777447 |     0.1024902481779409
    85352894 |     0.1354280320683026
   138391313 |     0.1616842822565638
   116735368 |    0.05670201184742978
   402157628 |     0.3204423806008296
   112166801 |    0.07482595045578977
   158287895 |    0.08133072394584204
   115122573 |    0.09399929128835927
   147239905 |     2.6271210886245555
    92758807 |     0.0418801668365856
    79086834 |    0.44700929884381396
   159965232 |    0.09579821900990186
   157790729 |     0.1312849084095187
   426212518 |    0.19830766237507394
   137493822 |    0.06509769419298347
   149031824 |    0.17686832831347038
   240749408 |  0.0009736197389292741
   403794482 |     0.3124870858403977
    57769396 |    0.04825124376108243
   272211337 |    0.29263609819771896
   148441138 |    0.07374769327732722
   251166826 |     1.1167301610384799
   137440400 |    0.07644079421717559
   155450874 |     0.1637239660903584
   144485229 |     0.3203964097094921
   158043399 |    0.15582976476522822
   109397944 |    0.15736754405625097
   144636613 |   0.018587074024176434
   470999913 |     0.3811550019301185
   149290652 |    0.03284040539515202
     9173550 |     0.1094503991105495
   414933908 |    0.18040039982164247
   146542235 |    0.20454964476667817
   177424394 |    0.18109984382239963
   137288162 |    0.09546040806455894
   132858458 |    0.13956114882312778
   255579054 |     0.2587395674957956
   160349660 |    0.11636659097698536
    79946736 |     0.4262139463847916
   149501142 |    0.23959754336598083
   152599001 |    0.11707382117768171
   141189104 |    0.11256452733729588
   140421078 |    0.12624591840858254
   125872364 |    0.04416425822755356
   402577588 |   0.011453538728421994
   136665303 |    0.04398644093434672
   183576174 |    0.39190552509899906
   139426457 |    0.11115365899712225
   122008605 |    0.05726039872037347
   137958173 |    0.19072205430560094
   271925541 |    0.05206619109612038
   148019820 |    0.18912731720309062
   405947210 |    0.14424880112458474
   140116025 |    0.06453973563454424
   180726259 |    0.09584018119456778
   143868710 |   0.026181370525154703
    20375584 |     0.4273798648165016
   277197529 |      0.441211907854584
   138536529 |    0.18354937499336182
   139848543 |    0.10295069036225721
   116920278 |   0.052185553423227095
   161607768 |     0.0459529181231801
   140179881 |     0.0222621640345668
   215577048 |    0.05222815798398992
   117578228 |    0.05131439793250143
   158163766 |     0.1328968428793166
   476974716 |    0.45397294866364984
   159501189 |     0.1335873345135771
   148871475 |    0.36697545623923605
   194071615 |    0.28933033578547146
    78027573 |   0.019335875184832332
   414851376 |     0.2682397440147293
   105773933 |    0.03310146424093806
   167628788 |    0.05698311902840203
   268047577 |     0.1874074539801459
   265006497 |    0.14051322062855837
   148456375 |    0.08231106596647443
   247644167 |     0.0641171331981698
   115483934 |    0.02363226671794389
   168603958 |     0.2972188726387522
   225138277 |    0.21520148756224075
   428564140 |    0.13154873742195192
   158279505 |    0.45001353228464647
   419073889 |    0.24886386949454373
    83030012 |    0.18013772664882624
   117685912 |    0.09756782045355206
   112787513 |    0.12012583800334788
    97457591 |    0.20512333598621213
   183774563 |    0.04875931986943432
   106366129 |   0.012596564233066892
   154766813 |   0.019010655775037535
   162125435 |    0.34287459242858487
   406935267 |      0.573199708275176
   176675885 |    0.18971005523447865
   470235433 |   0.014336302734787879
   139235130 |   0.030207735494670655
   143161544 |    0.06736018979056652
   194304127 |    0.27814103424276276
   161366572 |   0.053129439382172274
   438097236 |     0.6598883771884723
   137952527 |    0.08533045036356561
   160254620 |    0.10635089280653055
   406361791 |    0.06511131274046549
   240694795 |   0.027228924753382497
   271313368 |   0.024439838713531444
    27230844 |     0.0597334976170082
   139625245 |    0.09157097205026785
   230541089 |     0.2527233068304824
    82536119 |    0.11527508021963503
    74039462 |    0.04953869794666945
   164459256 |     1.1936838363703643
   135357883 |     0.1596463801104691
   152511806 |    0.11096039873695458
   188760408 |    0.33418448779776777
   152267403 |    0.11430886331953022
   196171723 |    0.07178916018563782
    90395309 |      0.220019416429013
   466564354 |    0.12717468120626968
   412778070 |   0.035668394932068775
   138030712 |     0.3236223602580554
   428951019 |    0.12334891228797677
   179883473 |    0.10629865147960423
   136757244 |    0.11332012882358454
   185398814 |      2.062311114846388
   193241174 |     0.2613524401214759
   133764608 |     0.3715571465560394
   426803884 |     0.0301197284371164
   179511593 |     0.1762719730947027
   217868850 |    0.18218345008631906
   401337953 |     0.3504084923392176
   419795496 |     0.3579529017136698
   440104327 |    0.09897239050343537
   112285494 |   0.016820118305474287
   187672000 |   0.015014111315353386
   164245804 |    0.37683856910780117
   465151579 |    0.14572480758917408
   102528891 |    0.07587846999811254
   256684914 |    0.15517989235179103
   149131109 |     0.4388669209723093
   254704601 |    0.06951900813288274
   468674644 |    0.04400857599146724
   174228708 |    0.17155912044084032
   140031468 |    0.05558248170666891
   138193776 |    0.18286646067623016
    62950324 |    0.05045753839961354
   229072461 |     0.0312100796381763
   103810384 |   0.028778776030674774
   404528119 |    0.18176341474801952
   477544910 |     0.2726962385757769
   130721420 |    0.06340652655982826
   254548035 |    0.09732788487862304
   148914438 |   0.021175261592440816
   114968501 |     0.4934428808467889
   138473231 |    0.16870476332887316
    79157656 |     0.1038546992506867
   166146412 |    0.18814218848727832
   404427848 |     0.4022161939080961
   464333523 |    0.03257809961394245
    85111104 |    0.06387580907646272
   122980254 |    0.11958524790781896
   144200210 |      0.445351491556004
   132599452 |    0.10963059486324087
    84794623 |    0.10323285100963402
   185905556 |    0.14880415917465373
   280219610 |     0.3528677635424199
    81624414 |     0.1453565689751606
   158721813 |    0.05463563762078785
   103917636 |    0.27612907903797135
   191289883 |    0.24869892957194167
   129671338 |    0.08980179766967541
   239716295 |    0.19545059960823694
   125973453 |     0.5882074166615943
   151699043 |    0.05955393915841831
   111667081 |    0.04000839664484875
   167581226 |    0.09874843879799917
   244694665 |    0.11261339364616071
   226542717 |    0.25052408506628654
   238494371 |    0.16349301079731876
   111125189 |    0.08024907168286978
   439387169 |    0.03863236973392783
    64162203 |    0.08414299849718233
   280759788 |    0.07358264603804192
    96446264 |     0.1806143266488517
   124535126 |     0.4545684133774983
   424740144 |     0.2747354154942919
   195324562 |     0.2496336851181155
   241935180 |    0.38939587955692717
    31265359 |     0.7371998345805644
   276333127 |     0.5483387501984768
   415103675 |    0.13263323292978615
   484939515 |    0.16163114648011986
   146545843 |    0.14692852677077906
   485965641 |    0.08439047086564284
   183799908 |      0.424496796805281
   145940941 |    0.19728319242687947
   168926630 |    0.03242833081672085
   188786546 |    0.23412805919688673
   140175340 |    0.14209241570418302
   140121941 |     0.2856154092109243
   231439726 |    0.04079439888608541
   148495863 |     0.0756074137260585
   100449350 |    0.24320112408732172
   419774803 |    0.06603427857563218
   145178632 |    0.03799179959662759
   142420192 |    0.10783194553575731
   249233343 |    0.15021769533575494
   137960990 |   0.014820939720638943
   403585867 |    0.16022065944510258
   193785576 |     0.1408046131542337
   421934848 |    0.28132205696099505
   101791495 |     0.0900495386404108
   142015505 |   0.043546008101882805
   118204488 |   0.048340655100779034
   138698661 |    0.42877736654238185
   138108195 |   0.015335564204952959
   137948709 |    0.07487280153018125
    67630554 |    0.06909780526187731
   103482309 |    0.21183403471647255
   106257960 |   0.032420228333925626
   155592963 |     0.2381412801535055
   161878705 |    0.09349672584506256
   269179476 |    0.10852852097604718
   138100028 |    0.05809490899240464
   124467333 |    0.06728472140206736
    44574269 |    0.20313173162480955
   142353535 |    0.08813761865954599
   451771797 |    0.18838101813173508
   147408320 |    0.03124869147871109
   224396536 |    0.05116077008289562
   197578270 |    0.46173882205152494
   147086897 |    0.06443578001814072
    88538492 |    0.06726296207461616
   160840864 |    0.11221587769301553
   138029266 |    0.07189363661389445
   103991968 |      0.804676496682405
   158277639 |     0.0777703248556236
   192078267 |     0.2386078027831265
   133175826 |   0.026376033360614563
   174772692 |     0.3533256272391572
   419778696 |     0.9042904313546812
   486922511 |      0.705208189448073
   148601639 |    0.05753086031768494
   128427334 |   0.030781147658595666
   163671980 |   0.032871597846935725
   139229589 |    0.15926947455922222
   467062455 |    0.05714582870477437
   233778907 |    0.19916370090538094
   242510997 |    0.11901459965166676
   118504471 |    0.04488157638353085
   239041679 |     0.1340086683764589
   138711277 |    0.03414221700411977
   118085846 |    0.08386557347875856
    23712757 |     0.0817065408530481
   155619022 |      0.312148265497275
    74251466 |     0.1430924213147508
   456871808 |    0.08584385796751379
   216466758 |    0.34923461265869543
   203641383 |     0.1454638938028672
   417561779 |     0.0754108213464207
   137625445 |    0.11633676865161753
   262763907 |   0.015230476562311733
   179774869 |    0.14496743862464384
   108944041 |    0.04924950244791097
    68137832 |   0.025225983086724593
   203972891 |     0.1617040622022718
   139497457 |    0.05100873160908022
   150234366 |    0.12993263583146114
   487504819 |    0.15847945653036447
   429820644 |     0.5878512563807639
    57069336 |    0.19865166926407235
   187245382 |    0.04493540551548754
   151547196 |    0.03570743970762807
    36716309 |    0.01598449017564746
    57644449 |    0.07140911500041132
   137337855 |    0.04194558433180285
   187553635 |    0.06604747944461478
   138799286 |    0.48501261603572565
   164230229 |    0.13016507636594643
   135501610 |    0.07725893351884218
   101735242 |    0.12711528885289186
   110876009 |    0.10540931090036694
   113521075 |   0.040198525075661885
   137955233 |    0.14795439281909337
   203300914 |    0.10556803913118801
   139053470 |     0.0763345321744562
   182787083 |    0.17385305960390868
   263057741 |    0.19118893094024828
   137697282 |    0.29106016996567063
   263443071 |     0.2441318734849143
    46810512 |    0.06021436813084081
   178413175 |    0.24630187733118472
    30080810 |     0.0325172248468154
   160547692 |    0.08639460798729785
   219481943 |    0.18674145955099644
    42848761 |      1.072732068989491
   137856619 |    0.09242031784248915
   203381254 |     0.1438256293800378
   178905070 |     0.1309816230140142
   208421058 |    0.06193160474312091
   149791891 |    0.14752129373901465
   124248783 |    0.05816896985078679
   138033816 |     0.5231370993664168
   137487673 |    0.07440343098216975
   445820187 |    0.22707349483895933
   207003216 |    0.09582579169102344
   137920385 |    0.08454570327800766
   138977496 |   0.050546590267968136
   241865606 |    0.13247397186406756
    81849869 |    0.10074200856736032
   427042659 |    0.07519699152144434
   465664285 |    0.24513314815693285
   137954414 |    0.07303781053216522
   229602243 |    0.05194826904149991
    42370539 |    0.09884755870278349
   152521874 |    0.20436077916252732
   140391556 |     0.1505519685728477
   423052411 |   0.043106338596781354
   154061954 |    0.01953944516555343
   152310006 |    0.19483944293957636
   184602534 |    0.07647142468297267
   149298104 |    0.17022486360386632
   186336605 |       0.04168051593016
   138977042 |    0.09767422074723553
   172879061 |    0.31433705189895783
   154784259 |    0.11068295757176384
   143784751 |    0.03822199375964425
   135122504 |    0.06924058917994462
   139584737 |    0.04811529096461271
   423829560 |     0.1492726208148139
   248122367 |    0.16462077156262228
   167183395 |   0.040404964499280965
   435315522 |    0.46385061888881907
   436709391 |   0.010184976392752157
   134868981 |    0.10668119798201253
   151504965 |    0.05013012328773748
    98353853 |   0.014109811053682753
   144475748 |    0.10974580053382556
   157950871 |   0.021985828094781244
   138892058 |    0.12122275587455307
   165784057 |    0.03668921618962286
   151792360 |    0.14198168267482722
   137784145 |    0.06640953403708759
   136240625 |   0.030660722440933187
   129797992 |    0.05553426159236068
   170246137 |    0.13990462026452097
   131542111 |    0.05849403254803393
   144083287 |    0.12479144015304558
   156795005 |    0.11156049406489169
   465651635 |    0.08008969747469814
   240658042 |     0.0390568526315732
   156710981 |    0.10200318649311253
   102366581 |     0.3346394071719707
   194046640 |     0.4770218787954259
   163089287 |   0.041074998972359326
   137589610 |    0.05636581217893741
   169968735 |   0.037894947074510285
   138056503 |    0.04809341634705189
   139315987 |    0.21176540746303224
   219209230 |    0.05052793598928742
   160409469 |    0.06875554478522967
   147911918 |    0.11499050482585534
   177347341 |    0.19724484539658488
   177329360 |    0.21172643684160722
   451161346 |     0.3999014366196924
   261909821 |    0.12390073844674707
   203366403 |    0.09098550494663193
   140582002 |   0.021133785034304752
   149370845 |    0.02947117549219019
   158446860 |    0.09761056496224337
    27913743 |     0.1043467432809514
   169736752 |    0.13000952192934243
   464090471 |    0.31042771924021684
   153165343 |    0.13017376433871536
   158846066 |    0.05833573512080172
   107149322 |     0.3545959872197972
    29350822 |    0.03837196149946614
   246183631 |    0.13068544900877754
   153912136 |    0.15411944387020662
   137962477 |    0.05768779650497519
    77644589 |     0.1633159041916099
   154486631 |    0.06304701630694814
   180683146 |    0.13471332195882194
   133017659 |    0.39946337342755833
   131265672 |    0.08650899974921178
   112204428 |    0.10750993906439672
   108533500 |   0.019403824978135666
   246653087 |      0.332221788718401
    36663957 |    0.19522714715696024
   165009288 |   0.055202210039752196
    60450726 |    0.22368191477740954
   146884474 |   0.027563899845513495
   144659510 |   0.027108444954952175
   200546724 |     0.0661225833205498
   207934127 |    0.12340954301161679
   463834237 |     0.3089369851332135
   138868831 |   0.031411368100071765
   428687575 |    0.17524557745201122
   138873956 |  0.0054073431894968976
   212950722 |    0.18674410595329152
   188313483 |    0.08687334420434291
   156156618 |    0.06527740866484705
   150087657 |    0.06394275610259455
   237271861 |    0.16479760174759092
   143684591 |    0.17980553350269776
   213479967 |     0.2231378524156765
   147708039 |    0.06057446476059411
   189168209 |    0.10386516248929355
   229882652 |    0.04047925601883502
   444231231 |    0.26659275444490516
   139430811 |   0.043217948106850944
   182917181 |    0.04603779771293438
   272759178 |     0.7871621832988787
   231783921 |    0.09543169336439634
   198407639 |    0.03327510614870473
    56668004 |   0.039627207482977135
   147522708 |    0.44133262456478595
   152437743 |    0.19924852247911742
   265463069 |    0.03093580804032014
   423456380 |    0.38770381024505507
   161988306 |    0.05587738668103412
   417410067 |    0.14100145158567468
   469811681 |    0.08309648943981407
   140577769 |     0.1524734783119042
   252665155 |    0.21396576474588744
   147356756 |    0.07089213589254628
    96883432 |     0.9293173696191767
   125626853 |    0.17242116503141153
    94830212 |   0.030298441509677032
   150218244 |     0.2925564892390508
   453327149 |    0.34487668321214765
   147096515 |   0.015042318564622507
   181091465 |   0.018191122939924916
   464010422 |     0.1950858181642109
   102290983 |    0.16014943259849662
   147016542 |    0.22493489849337156
   100048373 |    0.13924906999550893
   247366568 |    0.07792260235556682
   205471983 |   0.018621944924923164
   252885054 |    0.07926010346875133
   267569331 |    0.14521588914653497
   176122677 |       0.38608279114746
   158976643 |    0.18993212353860844
   473344496 |     0.1007187303694605
   408167663 |    0.01315934834049702
   176644387 |    0.22139703068857802
   492021645 |    0.13698939241726016
   137987280 |    0.25747946817569783
   152050692 |    0.05635273288599335
   187499405 |     0.2514573968195743
   158369064 |    0.15292297137446992
   138597509 |    0.04229456489917389
   138112139 |     0.0969026330894806
   270531753 |    0.09504534786977721
   137640527 |     0.7072853804077098
   230351395 |    0.14961461879591237
    93481091 |     0.0767445676876735
   142482328 |    0.07167924111190234
   241579321 |    0.07717199166457542
   183031273 |    0.12131726066801038
   237329325 |    0.10453107013424039
   238356436 |    0.09077178510146132
   113165222 |    0.08575937476063812
   152295931 |      0.066298281231305
   160463473 |   0.022108693686805677
   406986372 |    0.16172105916353302
   404375488 |    0.28128611043575513
   410869629 |     0.6013845996029991
   419082506 |    0.10702156971968824
   146199334 |    0.10423665949178926
   118609427 |    0.01935889506832084
   136566338 |    0.05149051350750537
   203690678 |    0.09868675119711848
   262930043 |     0.2212935115486892
   115217414 |   0.003997994975803762
   183910574 |    0.12127020918674723
   454722486 |     0.1005653273616328
   139559911 |    0.03694862827017742
    53799273 |    0.06047966275826057
   407248981 |    0.06829444732966368
   266762505 |    0.06740115782221813
   420953027 |     0.2158734795165888
   266323246 |   0.060094961017381765
   139623724 |    0.11354998489282164
   439477780 |     0.2814711112554406
    42707193 |    0.11700091371070699
   207225221 |    0.08572302861022064
   216473763 |     0.2778235424024348
   437855019 |    0.08614857884161883
   111190857 |   0.042341626736008615
   175329454 |   0.047972552588288905
   150317917 |     0.2549002147738948
   444557945 |    0.09408954922575068
   423681832 |    0.04391676920575493
   173662264 |    0.13886284143497438
   162122707 |   0.047247388860541424
   197984477 |    0.08819523423638768
   413729924 |    0.27395518353907283
   275114542 |     0.4985429528975252
   102185878 |    0.24719255035501353
   138617108 |   0.029181280232737496
   101557275 |   0.059870763823561525
   137987015 |    0.20787312622382767
   139447097 |    0.17138779569579912
   261257371 |                      0
   182412877 |    0.05020321048656901
   405507304 |    0.09416350033758107
   274255434 |     0.2463364104388841
   107960630 |     0.2602247893818786
   448450412 |    0.10668180261452154
    83257026 |     1.3780880244879437
   159837848 |    0.24315936135731883
   440288632 |    0.10044270263247293
   126936223 |    0.12039683091983096
   143849195 |    0.01520399715047324
   453274586 |   0.004898729380254372
   227311373 |    0.09116494899214009
   195634482 |     0.2711069062445537
   149621257 |    0.08227392834323337
    45094712 |    0.02075394490052922
   482186266 |     0.5580955130302533
   255163745 |    0.16259379858475476
   198288245 |    0.09188326457623562
   175979971 |    0.11303587325673475
   161993779 |   0.023509464968356507
   158374756 |      0.158807969840264
   413478237 |    0.31556083937760215
   272555753 |    0.45083313794402824
   424541127 |     0.1464399880820575
   421461070 |     0.1430497346413391
   237298991 |   0.019885888681689442
   202139532 |     0.1599459007322501
   240713749 |    0.05694939521400495
   140383069 |     0.1046545652949826
   229458083 |    0.05067798066099442
   193934608 |    0.09340752821797968
   486398217 |     0.2086065628709491
   140055744 |    0.03665916332335635
   462383035 |    0.11278033843493035
   128817757 |    0.06356862959277108
   152723467 |    0.07220664882524573
   408520373 |     0.1582690458660272
   172379231 |    0.17017667461519936
   457654344 |    0.08456988694095806
   247335037 |    0.13380533115334617
   246197027 |    0.17243319253910216
   280305124 |    0.15265864973332358
   177214992 |    0.32724554873420564
   190368738 |     0.2786987123678428
   168831982 |    0.08226841261305709
   142363562 |   0.030307259961678053
   250041386 |    0.19200603352053724
   489442013 |     0.2157439231824182
   464838466 |    0.05078670633228048
   271852149 |    0.19056676589001428
   203072432 |    0.03428449672763084
   242074857 |    0.09904122995101343
   458576505 |     0.2793532586198007
   414068392 |     0.1773260701932864
   268071122 |    0.11118661429474556
   265958330 |    0.14926430972779783
   138499344 |     0.6267123373425287
   168165127 |    0.09499293754193654
   139338373 |    0.07602170817354661
   204249769 |    0.03894951863688076
   151090046 |    0.04940616183397185
   236237249 |     0.2982837110745008
   177705809 |    0.06473583293307977
   181967055 |   0.025184059277909978
   185229342 |      0.081475361158569
   456557633 |    0.08842882342362146
   431832981 |    0.24434741459703932
   413906506 |    0.24454298698194143
   173779610 |    0.09909587422526028
   437282335 |    0.12655714842010168
    62372618 |    0.04317837784512475
   182405231 |    0.09529184780140476
   195310573 |    0.07470318692497713
   166810763 |     0.1904665007531201
   233283837 |    0.26440947761742184
   154675739 |    0.20866447230481636
   464400349 |     0.4398770365574511
    71013219 |    0.16413439716045247
   147984440 |    0.07435797516305558
   137734987 |     0.1188355002676412
   423872561 |    0.06806123070686038
   195574036 |    0.13796417642508432
   446242611 |    0.26196322774275865
   232376547 |    0.11876803549891692
   142570345 |   0.025018834831927194
   159768277 |   0.047080012054591586
   158943745 |     0.1637731823412897
   233769768 |    0.12028016067317274
   148934486 |    0.04616668286679825
   401822139 |     0.0869358398179567
   159714478 |   0.056808002448729494
   491783967 |    0.16803087369536132
   422806276 |     0.2465352602925909
   143602519 |     0.2180741182924525
   188232277 |    0.17479706149675417
   164763356 |    0.04036043832268138
   442374416 |    0.05080906740977177
   112506439 |    0.10818039588890906
   152365283 |    0.23483889066091945
   418631923 |    0.08728560665611985
   179247595 |    0.06261025609780071
   466826470 |    0.46238802911351906
   266775642 |      0.226444078879441
   138113973 |    0.04365880739112693
   184262355 |    0.12499468669785906
   258722940 |      0.474824746863927
   445841701 |    0.09916940399463273
   116816258 |   0.054279235987544805
   416476012 |    0.14677373289586793
   265829143 |    0.05562699899521713
   232075858 |      0.065679144748645
   433869921 |     0.1261834150165473
   430164676 |   0.053561250053418594
   468824989 |     0.1431036844299076
   426454166 |    0.04570925954712544
   243713139 |    0.06824948756580065
   125506844 |    0.03918870929933238
   174355039 |    0.02883629798873559
   138417864 |    0.19186796690169255
   266790309 |    0.15046104280925532
   162452992 |    0.08078738644502863
   461560097 |   0.018689210906188927
   246105427 |     0.1810107467815491
   401684812 |    0.08157839656467586
   426013979 |         0.221412334711
   493517999 |    0.04071071404810697
   426769375 |    0.18856526177710414
   480491154 |     0.4493311088232887
   417352747 |     0.5850377403728996
   169821502 |    0.08476578252860666
   250659611 |    0.17493326877138732
   273399714 |    0.10436340585598067
   245513514 |     0.2237488192011324
   180416432 |    0.07527186256228162
   162791298 |    0.10652044418303343
   252588582 |    0.11038323311118066
   224047720 |    0.11054357663105663
   186487222 |    0.01691238791781807
   130479687 |    0.02174455480287535
    58703528 |    0.17646050234222407
   183383073 |     0.5475160856621866
   227499842 |     0.3123033360701821
   401364162 |    0.06780654885085552
   258696064 |    0.12360601635938645
   412846488 |     0.1324709935191212
   461578564 |    0.08645377615468101
   268472165 |    0.14658904590044722
    42363955 |    0.13821362143941768
   465684449 |    0.07183657505421209
   442409106 |    0.08946473440664286
   143169634 |    0.17648305289382918
   420905242 |    0.26360887652396775
   266290732 |       0.06815627432407
    35730138 |    0.09268700024860108
    94280873 |     0.0514095123721225
   438405039 |    0.13139139704692793
   162072825 |    0.14727932986321254
   466002667 |    0.14458536788881624
   180355410 |    0.07557973721970175
   232500625 |    0.02782242842690261
   435832830 |    0.26044998707303274
   486389625 |     0.2150995016817325
   465353150 |     0.1055896287278627
   181999366 |    0.04861828072071354
   148408076 |    0.09804544377658936
   486139611 |      0.505520491277571
   189211032 |   0.009097787876442736
   172119757 |    0.04253944625102237
   177092145 |                      0
   442709328 |    0.06945247018978959
   260474897 |    0.07500830338753905
   155637966 |    0.05749623026045428
   149124290 |     0.2037954720585483
   476936057 |    0.07985474137682196
   424325950 |    0.06773265366327466
   422162025 |    0.07098354058936306
   245251287 |    0.24803118020331166
   271115243 |    0.15512560907357112
   486372427 |    0.09547972483194807
   153924105 |    0.09745106911701386
   425977094 |    0.06900322144288878
   203647614 |    0.09866913729212293
   462684348 |    0.11425814182049954
   137914720 |    0.18620342313675992
   143023377 |    0.12246765405356164
   147190698 |    0.06823348243679192
   138317649 |    0.11337557027339173
   470003873 |    0.10733446701956072
    52782466 |    0.04558981666647593
   131620175 |   0.021603418825599092
   420629016 |    0.18869080359597143
   468031986 |    0.10207226612187403
    54975828 |    0.03343794981125238
   211728527 |    0.03602259755210893
   417539009 |     0.3498570438120621
   137951805 |    0.08292234849718985
   182405702 |    0.06360192364219788
   135069143 |     0.0427471504366823
   235125362 |    0.19189270571942835
   428746144 |     0.1563922546639916
   253615465 |     0.3845772742892283
   428918915 |    0.10787549634607743
   416463041 |    0.09599065407855951
   473196148 |     0.2905191163561144
   484600618 |    0.17566246346803663
   234280214 |    0.03412650147223324
   415118366 |    0.01104821710329694
   103370102 |   0.008169980738450315
   475634796 |    0.07769076585863213
   142424701 |    0.17391701399638568
   467065896 |    0.08553871700884254
   490815231 |    0.13740534754047712
   271980906 |   0.048957407826428184
   178286518 |    0.10189251663316516
    40187574 |    0.06835747868018306
   130289619 |    0.08120002257585983
   270871473 |    0.12430931077571379
   464388065 |     0.1456567537308325
   263316282 |    0.06254159318895998
   481007944 |   0.020544264258092367
   255511889 |   0.018646990508268468
   217190593 |   0.004676939238658495
             |                       
   440752406 |   0.018936592484963592
   150988102 |   0.007354196288309673
   148342632 |     0.2706591161823507
   173087629 |   0.013626638151375502
   139237924 |    0.24176383623399664
   137561429 |    0.11951980609134619
   450468960 |    0.23363438698684058
   138375292 |    0.06459558380023364
   477169539 |    0.17770517987112688
   433470969 |    0.17512915989172081
   451918942 |     0.1078517078150929
   446551036 |    0.24183295203378297
   182002718 |     0.2607230212133086
   435409901 |     0.1874318836113388
   266833425 |    0.10641815868383082
   433185586 |    0.11570894592877803
   138124387 |    0.07455042603775049
   138320065 |    0.03885212984047886
   138519977 |   0.058784969101990284
   116923858 |    0.11962528202824647
   433576900 |     0.1973647889839259
   167617269 |    0.11879637159084631
   453709598 |     0.1644579171589273
   149972918 |    0.48962244523237614
   128384349 |   0.014506600163064886
   403163827 |    0.15461634163211502
   468201380 |    0.46862280938963297
   239440830 |      0.164654461094095
   234261170 |    0.16672827796377548
   400170298 |    0.19583181066673322
   137622798 |    0.07779359616113964
   420599593 |   0.030656949682335285
   425695976 |    0.15126823804544387
   181454546 |    0.14242258572592678
   259694951 |    0.37151326574309507
   130454885 |    0.09575886540882217
   417504088 |    0.09769915973289063
   137483150 |   0.058992928137709254
   139417491 |     0.2231452756849869
   407816061 |       0.13732033766935
   477714181 |    0.00935774029410204
   140028184 |    0.16718122922811657
   497597689 |    0.15623746696019597
   412808858 |    0.07354940437303706
   476082091 |    0.36618253149607854
   147121893 |    0.07956069439106664
   140597379 |    0.07860220637522657
   102446186 |    0.03490496518890725
   163683885 |    0.08645523814177505
    37362250 |    0.03198035328462258
   270818260 |    0.21922799299772602
   161849182 |    0.04322139951707122
    82848340 |    0.07331792003029185
    88613593 |    0.03527591486074646
    42687388 |    0.00952632226781321
   120468144 |    0.08670231652765814
   416480283 |    0.09787641343695222
    41229504 |    0.17691229230498046
   210587357 |   0.051780912544764975
   272813342 |    0.19851555952627298
   163828659 |     0.0142944196582568
    74138996 |     1.6596421118701898
   417830178 |   0.032470235558548464
   416128793 |    0.09469423100911321
   413919021 |    0.08861417342562007
   157521286 |     0.0915023842365695
   132006583 |    0.05412266724033099
    91485490 |    0.17959575083672313
   113597658 |    0.10220006926029941
   465836555 |     0.3478345147442769
   173574698 |   0.016088624688328484
   185050876 |    0.13017231583158786
   131664608 |    0.24092255774159946
   407285060 |    0.32995302668850435
   421447670 |   0.036599132441132234
   176238027 |    0.19064119395926465
   437307665 |    0.13226670049240744
   429204931 |   0.023229774684089134
   130611413 |    0.06258728352510198
   120488002 |    0.42307110878342863
   115473044 |   0.010414594497231758
   182563488 |    0.12501567220839346
   247104109 |     0.1249819088008417
   157980913 |    0.05372705275613903
    51595543 |     0.1975592570465966
   137955097 |    0.04483872168787351
    81935023 |   0.060614329812006956
   138046452 |    0.39545654008281983
   150433861 |    0.04192391583478334
   178420459 |     0.1004277885531097
   511625560 |                      0
   181358670 |    0.07949622985659224
   150637862 |     0.3225998061116522
    85819257 |   0.005056719170414133
   143947234 |    0.14202274241554363
   179935127 |     0.1102632213126368
   473471289 |     0.5147068413949529
   210149431 |     0.0133030731939452
   138287817 |     1.3515821790000084
   133558662 |     0.1032916328802079
    85367231 |   0.006664214801700117
   165074329 |   0.024962791959910132
   427651384 |    0.09995678033198993
   103935794 |   0.030242916871564413
   421424844 |    0.15337211533776166
   139637673 |   0.008675323986166696
   120548868 |    0.28190477108080325
   111045473 |     0.4454150417817062
   480997359 |    0.08862022793646894
   164402141 |    0.02496215103758611
   110657048 |     1.2937090055196818
   240438899 |     0.0687961856204157
   189863169 |    0.05235566536160475
    40950065 |   0.010530228527796582
   442572879 |    0.09997705767819853
   504411300 |    0.03715999988719532
   120375639 |    0.02431033921242042
   140256776 |   0.014130781581222123
   225871478 |   0.012059209966219104
   133115512 |     0.1458989499600868
   437437203 |    0.19842084005279675
   153696106 |    0.05349455870563145
   137957432 |    0.05678375988031104
   141132437 |    0.10074727966527762
   507272126 |     0.3071908103317823
   142654950 |    0.04807442399491121
   127708108 |    0.03828731981408045
   415776561 |    0.05888380649249017
   142020754 |    0.05208464254629823
   103440455 |     1.6497089599596468
   235166562 |    0.08660135797042387
   144636878 |    0.07216444547584067
   207673624 |   0.047951014404450244
   197484144 |    0.16359682397746222
   168965552 |     0.3668487331637293
   153556519 |     0.1540612873748407
   470833902 |     0.2503660863480436
   463333840 |    0.08204659911721207
   169238590 |    0.09651038793156436
   137952746 |    0.13954253237745864
   123064680 |    0.46746001524382297
    56282433 |     0.1973144615371868
   137282324 |    0.01800123149598367
   175472288 |    0.03385595424057891
   139572281 |    0.05585049732988236
    15580913 |    0.03658807188393687
   145329202 |   0.010427704872137244
   416462572 |    0.26784714075123556
   117361206 |    0.10924692706989332
   499130049 |    0.29911241596612265
   192200166 |     0.7216130197614984
   132297558 |   0.027424875302422373
   175470075 |   0.025284547554080838
   127161808 |   0.024735343361280117
   137902244 |    0.09810172175801558
   126939294 |    0.13551730658984198
   131329500 |   0.020513120196593876
   269297041 |     0.6552003124839337
   116012271 |   0.015883761854878917
   140682103 |   0.018703763429688425
    47858037 |     0.0833920652673456
   239587793 |    0.08250265991730628
    91938563 |    0.03813672523851803
   273875725 |    0.04720886719071287
   159975434 |    0.08012660104335645
   428700060 |    0.05146073646148294
    82223459 |    0.10424905331776393
   438422736 |    0.09495032468777626
   106100690 |   0.024616563536463073
   115780502 |    0.11441394266461413
   402968206 |    0.10518426284105956
    62597620 |    0.05846853801729467
   153557115 |     0.1258136098072322
   184489331 |     0.1232202865462482
   147693567 |     0.1643405587565201
   159460851 |   0.044675799110851754
   413267702 |    0.17877651028655853
   138542600 |     1.4442598138395955
    23059724 |   0.005785892746621102
   190509328 |    0.11924829802191049
   224634380 |    0.28698123993073815
   150668752 |   0.062430610061250766
    96868642 |    0.09832249526720772
   143078209 |    0.07158585059156897
   468282245 |    0.35129051187884974
    35764342 |    0.10360114624619839
   133723923 |     0.4284173643797491
   192303494 |    0.06797572978473324
   147908093 |   0.014528144985153068
   104075721 |   0.028465732695105776
   150869498 |   0.030896054932310582
   149421106 |    0.01191074438791051
   129757532 |    0.16557364123688054
   512662970 |    0.01810528849861356
   204506609 |    0.04630184199858356
   467070311 |     0.1027228805291115
   140183731 |     0.4966646718619724
   134349368 |   0.018078990107718726
   162446633 |   0.061877851635665566
   139070491 |    0.03555537441425558
   126247238 |    0.11403783025479246
   495075763 |    0.09217284013323733
   265782512 |    0.07589894997498031
   123885931 |    0.17267424877116427
   172906511 |    0.19429841347939306
   142584781 |    0.04705326213171466
   515455765 |    0.29138987119205667
   402603510 |    0.11359630742761168
   212330350 |    0.09213952559842542
   497177600 |      0.123855134239932
   104757295 |    0.01813331772247651
   245638847 |    0.14909021975713616
   105998115 |    0.03276454466359608
   164234001 |     0.8271292974068107
    31748575 |    0.03363170946176292
   420088154 |     0.2196802490543729
   135002482 |    0.07160189268751518
   411449695 |    0.05661746630537735
   224048825 |    0.07778182934982618
   457158210 |    0.12707352175667144
    81783132 |    0.06466373125908795
    52017748 |    0.06839113081354728
    39469972 |     0.2042931681685519
    40418888 |    0.08675936969621667
   176137940 |    0.01754348352663691
   418808862 |     0.8628914268049098
   475751813 |   0.047151391397238625
   235664433 |   0.022766728062831136
    52471837 |    0.01962637391968104
   503400876 |    0.21951597467473485
   497882368 |  0.0041885230163857335
   457232075 |   0.009582439021693163
    22600289 |   0.006832396133950835
   196851842 |    0.04709222424500226
   102259578 |   0.012738433072698695
   134780009 |    0.08566037708020334
   473783738 |    0.11371609375466667
   163450470 |     0.1358120163275907
   439920217 |     0.2299508704849344
   238549351 |     0.0395228802322704
   502281194 |     0.8801021397955074
   466083252 |   0.014198958283731687
   117419362 |    0.09332557705684515
   148140136 |    0.02875927597271099
    71889871 |   0.046298746631318353
   154688327 |     0.7209144832647643
   241805372 |    0.04914901269415697
   188426224 |     0.6288373128199871
   415151898 |     0.1994966023543985
   182565735 |    0.13832691123430885
   502328915 |     0.5597158352882727
   510504487 |    0.01848659541883974
   444200632 |    0.21477065697085143
   241240511 |    0.08810378484274616
   112365035 |    0.06976523916406538
   184027525 |    0.05283642365261032
   152436971 |    0.07849194512186938
   138143929 |      1.060096086310813
   148842622 |     0.8226345142151443
   138316195 |    0.05642038042566176
   469976424 |    0.13265828492769638
   465512495 |     0.2418661913665519
   132782743 |    0.15327795897291688
   267215089 |     0.3276744436389149
   141173255 |   0.057362361456645194
   409940595 |     0.1615956021370913
   161012462 |     0.2843660215358222
   122397167 |    0.05763541921980534
   151958778 |    0.12208425546676298
   110345640 |    0.22606299740562538
   451367828 |    0.32219314158560275
   138595413 |     0.0538723369666145
   469047396 |    0.14418988268434085
   142862218 |    0.01660145019349981
    65287820 |    0.28601549802577003
   166079347 |     2.9550642944479586
   275086697 |    0.07412983767814485
   159932241 |    0.07421139859630292
    51505280 |    0.04158175957262926
   179928892 |   0.060447720739200836
   226778840 |   0.030085721666746026
   166092839 |    0.35745079583559397
   112610505 |    0.06540592437967074
   266258093 |   0.039100096829627666
   174553521 |     0.8627551433787793
   462270346 |   0.027973132161136855
   138883078 |      0.875829720439897
   142259583 |       0.84559424246425
   154445129 |      0.435985819562703
   424648499 |    0.20473302295745424
   166096601 |    0.10549506915092172
   122214218 |    0.08050972385527835
   135991119 |    0.01710054737053803
    38754615 |   0.010151277542132289
   278429534 |    0.22999764115275587
   470877383 |    0.12454425104932472
   138033414 |    0.05315049911394306
   418149668 |    0.00364155086959367
       30242 |      0.038344800226914
   486453592 |     1.0151405392154438
   234519489 |    0.28427117810584057
   123451811 |    0.04136214249814687
   131028312 |   0.014550479557191964
   475354974 |    0.06333228155760136
   221213059 |    0.16670541056862878
   271097307 |    0.18476467208939457
   421633520 |    0.19779541234438477
   449748600 |    0.04682543504157529
   138117005 |      1.164148244397388
   184689298 |    0.02253327656350105
   442725697 |   0.015083414388225806
    49045679 |     2.6523895390765024
   426183861 |    0.06739660472914637
   181996506 |      0.355571588488462
   149414970 |     0.2691560181321701
   183012826 |    0.12318911623041463
   444846405 |    0.01171401695049179
   148069216 |   0.013875559364858235
   139852266 |      0.056558628121957
   136832079 |     0.3137403346634893
   484596816 |     0.1457626560248008
   137731615 |    0.18032579238351273
   463335948 |   0.017403427938118075
   145437019 |   0.037972770430652225
   156432081 |    0.08173491635538946
   104374215 |    0.03648334580603928
    49233748 |      0.500844083614545
   487303686 |    0.14335992316551316
   104475810 |   0.016596198018998212
   148073120 |    0.15421741563596297
   456787319 |     0.4038632337982445
   107004600 |    0.07928863558680033
   137962705 |    0.38916485701108927
   138728503 |    0.41408763874320137
    59210799 |    0.07079736379389523
   156217395 |    0.00911428709782812
   185515199 |    0.11314124289899818
   166311614 |    0.24591881076214897
   195774803 |    0.11711637672695112
   187839825 |    0.11034484187566859
   269017354 |    0.31610390444693776
   151469692 |   0.037172313203084784
   137872388 |   0.046854445849883485
   137969937 |    0.13306834501781697
   197122107 |    0.03295029494641858
   134437442 |     0.0600917128632429
   139116827 |    0.24960540795350125
   280501753 |    0.16636097752668585
   154302008 |   0.012437749383808493
   122314326 |    0.04168601448324549
    72137950 |  0.0011215915069789015
    70519099 |   0.016423364130095288
   149690422 |    0.08643327565671731
   171388710 |                      0
    29578301 |    0.18164829538477034
   498140637 |    0.10812866296004166
   159579159 |    0.03650707892799476
   479536596 |    0.14733692651569538
   146803174 |    0.07471050538867882
   170974282 |    0.06272569386320231
   498388086 |   0.008297978352690373
   138383895 |      0.104028145550484
   188588625 |    0.14022312660596833
   170665523 |    0.07578827495873929
   193188315 |    0.09560686913666436
   117681559 |    0.15931788977635727
   459236431 |    0.04932348826615741
   139683021 |    0.39546082832584184
    11618662 |   0.047990810897562214
   189530864 |    0.08210163830228889
   114774737 |      3.581378542032156
   465088004 |     0.3246787628935974
   125064111 |   0.031046346612062896
   157039050 |     0.6879965275259181
   270516222 |    0.13838676793903443
   239305721 |    0.04001585175889945
   138117155 |     2.3201727123424623
   442611395 |    0.06761253838490333
   258466985 |    0.16774808598063004
   275780819 |    0.17963182767439018
   472335633 |    0.16006951134880143
   442215676 |    0.09210160240700696
   468998632 |   0.028220773429948998
   154073907 |   0.020702280329620387
   103960492 |   0.043542390902571095
   453466112 |     0.2338465072276476
    65098191 |    0.06322735121541581
    58564002 |    0.16310595265874975
   405196352 |   0.050842431114869475
   403168835 |    0.10048390680566664
   406106211 |    0.21364399686092966
   125240202 |    0.11419413864388349
   433299127 |    0.10091153778755556
   167624571 |    0.07221080313654274
   224764461 |    0.24519886513498595
   183769440 |    0.04184659698256806
   250412542 |     0.5758519523541991
   145052671 |    0.07077402458379663
   257446320 |    0.28628348159877315
   145250861 |     0.0988870241600741
   470143023 |  0.0006508882000847234
    32549620 |   0.034321977544930646
   512181339 |   0.006936676944950791
   116561916 |     1.0425754427918508
   167891017 |   0.013734189564097282
   413030717 |    0.14515174473422382
    67872209 |    0.06335254441970811
   137959674 |    0.03600112601294743
   426145078 |     1.2930711747365873
   188430219 |    0.15447994987304461
   189473746 |   0.002276620339946147
   147013256 |     0.1028810089890399
   214967227 |    0.06594315968136756
   221606507 |     0.2154731648086072
   132244198 |    0.12061573833397453
   223193293 |    0.24048379611445192
    52897170 |    0.08022138665266396
   496575599 |    0.10664990290820237
   148024019 |    0.06272287307539198
   497637746 |   0.039925845271451946
    75016953 |    0.36680700757141493
   428626190 |    0.04959578865723843
   416289833 |     0.3011674292915953
   104487240 |    0.10273323754761259
   148083930 |    0.07779497275738323
   139844683 |    0.05995696530800761
   113277664 |    0.04588738543462947
   149598744 |      0.164335643133585
   139347192 |   0.060045810557754146
   157138319 |   0.025780880375005755
   138303142 |    0.07765240702756222
   137537890 |    0.21611979353531116
   186721553 |   0.049515127045683234
    63563054 |    0.16619494922912453
   472815621 |    0.18632479808225635
    71313548 |    0.06419423233381877
   496949849 |    0.11587066420604056
   172860908 |    0.04131547495206082
   462681640 |    0.09680851076165528
   139346767 |    0.12935401261897514
    81441754 |    0.37879465735747064
   145133209 |    0.11852173912535824
    87998687 |   0.014505453816372497
   463812130 |   0.021435063279756618
   497549635 |      0.152165248536592
    57177413 |    0.05628132541665061
   105248091 |    0.03138482528395705
   271120440 |    0.12854333506227983
   148002369 |   0.042787704524719826
   205384591 |   0.036925933235261214
    55462653 |    0.11652871823359069
   156617642 |    0.04427042880849468
   160166535 |     0.2832126400943948
    81604529 |    0.05764843682987281
   409868624 |    0.10063881359431491
   409580529 |     0.2050417044959884
   163091687 |     0.1275078269286274
   101255963 |    0.20755335053797278
   256639321 |    0.17231411411235267
   111246375 |    0.08503129859325044
   123009087 |    0.09642265169893742
   237023633 |    0.10791860222368287
   148506151 |    0.11275879188971086
   155917079 |   0.010292453583003531
   140315223 |    0.07523200521026477
    78648925 |    0.07007609387709154
    37924078 | 0.00027015269125799064
   493308686 |     0.1805206695273996
   216372670 |    0.08593612966967791
   208185912 |    0.02188215557275952
   498988635 |   0.049638264320451764
   168117737 |    0.05705147684829284
   509479922 |     0.5434069106887058
   463020084 |    0.03975114013901251
   148238210 |  0.0077196864752154684
   138472421 |    0.08400017401846421
   181190482 |   0.026227251757459557
   461652185 |   0.030422190728664863
   194316698 |    0.41194700380604204
   452970235 |    0.06396932705393207
    44301966 |   0.040690152172292535
   134028817 |     0.2234871993813663
   425079016 |    0.14775062418940196
   197248144 |     0.3890372046834357
   183151165 |   0.055489150324498415
   138561881 |    0.02825099098249953
   149702330 |     0.1472796317829311
   126168826 |    0.25333911231025474
   144184457 |     0.1887762030702069
   176941758 |     0.1751296806430929
   479038197 |       0.25767142727968
   462288227 |     0.0591030344679652
   424662226 |    0.21972344878329328
    49655919 |    0.44333458955266636
   161974747 |    0.05186111297321909
   247882580 |    0.20387832495061145
    37176688 |    0.18635640147475327
   462106076 |    0.16318874839210784
   138202310 |     0.0849187463859574
   153905127 |    0.03389700568962993
   170823058 |     1.1607043948520088
   269325059 |  0.0003136592799227698
   512951363 |     0.7896869967847178
   513948902 |    0.03291637385862179
   127934267 |    0.02385551950803519
   503996631 |    0.08735749900316431
   508467211 |    0.13565857981228577
   481588352 |    0.14701304672235735
   416019429 |     0.0818846899771091
   510506951 |    0.05223793312521008
   486942882 |     0.1431896971237024
   477223637 |    0.11702306273870798
   131812445 |     0.0388197096912966
   240713314 |    0.09762388869131645
   165808643 |     2.0213321637363744
   138595942 |   0.060628122251398464
   466365241 |     0.1570193927017444
   173319589 |    0.11020533628440815
   251253837 |    0.02113796872834693
   148534726 |    0.10254595591208138
   237317621 |    0.07110241831841854
   433224446 |   0.055478656019933556
   474785904 |    0.05825337619759908
   411163736 |    0.09292763445824223
   182779724 |    0.32817520476788914
   462658994 |   0.035382627948484915
   417901095 |    0.17131747278382017
   276583703 |    0.08667545585014788
   238141340 |    0.37437334207470657
   152178182 |     0.1153578572401262
   137921047 |     0.3391554546753361
   145542561 |    0.06921055018807311
   265627077 |    0.20843462026735254
   165396770 |    0.09093676944331466
   105054079 |   0.027160204352988385
   160677135 |    0.12703189148279304
   269638588 |    0.17310884037430388
   191236191 |    0.01852885711729532
   169109715 |    0.07691544474475981
   266329772 |    0.12487020874789818
   470019009 |    0.09277237742425333
   150495700 |    0.19234913299972695
   137996025 |    0.05928848882336691
   154212740 |   0.011664383690844741
    65583390 |    0.13187228983662977
   122181163 |    0.01752831474396825
   262962159 |    0.05160316980194187
   146779425 |    0.03566693257151362
   497027931 |    0.08903008041837958
   191255489 |     0.0539791001303055
   140577538 |     0.3390233338059046
   153598904 |    0.10340219069479846
   478866929 |    0.24102430647712314
   138279250 |    0.11291780829612681
    36638369 |    0.06380625760747223
   246654324 |    0.43715404387206563
   421352709 |   0.042680358885232486
   237355084 |     0.2150953873450036
    51230738 |   0.054515310500830645
   142174817 |    0.07206271800751832
   472361176 |    0.16788385393386657
   430137498 |    0.19179383112519846
   203667951 |    0.14614584682711593
   268724989 |     2.2979313530403287
   164029121 |     0.1013223627081167
   192665930 |   0.054830360509995894
    45918233 |    0.09276084605210068
   180437529 |    0.09177133940275907
   213708861 |    0.08464646607498111
   189146120 |    0.02605074755700443
   101323079 |    0.02989243280354262
   485525844 |    0.10181001578387354
   468882460 |    0.23134559962105217
   499841092 |   0.004018777075156599
   413441387 |    0.16388041049054117
   116046835 |    0.04681205631891014
    64256623 |  0.0026875266248421402
   137724663 |    0.29612165363718806
   125393707 |    0.18604651948331483
   138527621 |    0.20818372639997826
   138028534 |    0.09355003585651159
    52640667 |   0.004907808414890541
   462995019 |     0.2285947455091514
   412203926 |     0.0906267870266172
   433978425 |    0.28734165343948753
   103203797 |    0.03189603935677802
   146000796 |   0.026181334900277384
   194293413 |     0.2782799726072001
   173255274 |    0.04869219467338143
   131912519 |    0.41604460159528334
   261204396 |   0.016723542828380004
   102541809 |    0.03751793491524282
   493788358 | 0.00012672526072478012
    39602058 |    0.14462961589618542
   139558213 |     0.3991271898510008
   140638319 |    0.08075734470817995
   465208993 |    0.21543465862114639
   137947329 |    0.08275800519010997
    74722038 |    0.29015437963616303
   219570186 |    0.09894979714079823
   419177415 |   0.042569383748209455
   181991808 |    0.22421786366381072
   165038483 |     0.9306786596774921
   193477980 |    0.17738707563540354
    93123280 |    0.08142688441672928
   102372817 |    0.04934481247713493
   485781943 |     0.3353089322887801
    44831942 |    0.09833171422141607
   158472176 |    0.13801290812647365
    73691743 |    0.10360678440478902
   153327083 |    0.06383452815056634
   516372607 |     0.3792704252859059
   111756807 |    0.04814504527247614
   144082255 |    0.07450147395238456
   145220592 |   0.018253527060461575
   131925215 |     1.0513729060409527
   157155710 |    0.10557176247869252
    38372487 |   0.015414025224215618
   138029395 |    0.19919423281309306
   190415415 |       0.25964720455198
   138020827 |   0.041091696625091635
    86126056 |     1.0584847369151356
   170241307 |    0.09277685908843021
   108947983 |     1.6028420849913658
   154674662 |    0.05359270114161508
   220848523 |      0.473595535061143
   138965903 |     0.4488858694649436
    98717607 |    0.12084595784255417
   195468503 |    0.05620178878570199
   446721474 |    0.10072311939250048
   411467694 |    0.05186789033075406
   179139701 |    0.01351589850275605
    49469880 |     0.8858125187679151
   141166181 |    0.04592296058185057
   173130992 |    0.05996702685331174
   415549865 |    0.13277377572937193
   424208959 |    0.04950490205497379
   451115809 |     0.0902182718939365
   466440552 |    0.13472709555993076
   138997208 |    0.05641548969276348
   126312941 |     0.1884204960229868
   408216491 |    0.10090591323473054
   406388162 |     1.5180149173682531
   405672753 |    0.11328600599184684
   116012631 |    0.08814984479802383
   180014215 |     0.0380753996510768
   215906056 |    0.08688542894164004
   143386540 |   0.028525763529421617
   141907055 |    0.04076600909166501
   146904374 |    0.02711578985464802
   105012569 |   0.023697458305698752
   497863102 |     3.0594335051796286
   139163467 |     0.5106149443845117
   135829962 |                      0
   480041285 |    0.01610485945707032
   143203774 |    0.04770033847540581
   136116409 |    0.06732927215566999
   141139883 |    0.24991147680380232
   400388798 |    0.03096954398237548
   142019286 |    0.13445426793227816
    27913876 |    0.08144109832845497
   458563205 |    0.03283661249433686
   278039612 |    0.02893360165556854
   181514430 |    0.07839939267682002
    59840903 |   0.054203672028215036
    39142049 |     0.0984229511743539
   480479195 |     0.5811518098113643
   122026272 |     0.1441295478163206
   138686063 |     0.9925044937316284
    62730534 |    0.02007959007470557
   188552661 |    0.11154354148916328
   133218219 |    0.16802577579857114
   138159512 |    0.07014430897356297
   137794048 |     0.3074711247048508
    83731950 |    0.33592108444499147
   223762984 |    0.15488787210266564
   416808928 |    0.18818219064451394
   143675161 |    0.03122033647118413
   159282527 |    0.18947532953022767
   102519930 |   0.018803318193126015
   151850527 |    0.07195017673497751
   240080551 |     0.0400692010872867
   102384758 |    0.07653277000973574
   495408358 | 0.00011290217264697092
   441380937 |    0.13708956920137094
   197746309 |   0.042469365862608965
   445419525 |    0.16329411188099788
   458277744 |   0.031504869861507474
   133670112 |   0.035094418941985485
    94615008 |    0.05374403490317142
   148423995 |     0.3286664869676837
   124854538 |    0.09329319493565433
   489306836 |     0.3299058556631246
   138785297 |     0.0711181822501148
   494498951 |                      0
   499406234 |  0.0001728325015003469
   494659174 |    0.17607102747113298
   511539779 |    0.15394590877806053
   421834817 |    0.31272367038226984
   496785511 |    0.19678172630321458
    83118580 |    0.08583589495576414
   215473944 |     0.0644674518039586
    40550163 |    0.07295175630147072
   138090322 |    0.07310103071217292
   420917097 |    0.07335383289417774
   410604078 |    0.14663296182880436
    59199270 |    0.17574404079853678
   128613420 |    0.10585961750345786
   102413421 |    0.09423168059132818
   119126963 |     0.0849710157734674
   170811298 |    0.03192707261245532
   484020711 |     0.2422401266070663
   481933330 |     0.3121180769540192
   141129380 |   0.011359672512175649
   158076823 |     0.0306615299782558
   503612603 |     0.6281261224965498
   122754132 |    0.31140399286038584
   166319024 |   0.007578533761761324
   456805981 |    0.10280814706956297
   137957862 |    0.08053353093593706
   134433708 |       0.57439039456529
   464346105 |    0.07545286741800432
   226722120 |    0.19632667885108188
   153891705 |    0.11763322637293055
    42494496 |     0.0735071802279886
    41109295 |    0.10105913356094091
   138612191 |    0.20302726357159512
   137916940 |   0.023397978646341053
   138117508 |     2.6293296031322937
    38060540 |    0.21780691134212712
   441306989 | 4.2185590461865264e-05
   443044411 |    0.14201657407099916
   432065909 |    0.18986794438918425
   148353314 |    0.05519321162556443
   414973989 |    0.16503019915218486
   179541140 |   0.028124321043229837
   446766072 |      0.195633916014906
   141070954 |    0.04701800438745073
   145971530 |    0.46214646684327704
   256688120 |   0.019025712280787824
   175993923 |    0.05034607914224418
   216689006 |    0.16141607833394783
    86260218 |    0.12479214372317214
   107873069 |   0.023490802904483257
   172518148 |    0.06183820613423518
   155198237 |    0.05255775415137061
   457672246 |    0.12786119201790003
   497177354 |     0.3340847834943678
   235710771 |    0.07661751390484342
   145248489 |   0.014613818077313396
   192638226 |     0.5455289648697215
    94778293 |    0.12738297833948656
   493100452 |      0.658103707874194
   473469297 |   0.023490608873600313
   515670327 |   0.006492209239095438
   439459049 |     1.1119584439668686
   153243842 |     0.9481515574043677
   486923534 |    0.25888254059906163
   502349776 |    0.07853914132667522
   104555362 |    0.17127769008217505
   431843053 |     0.1235741911972885
    58323983 |   0.028168242168998513
   213500917 |    0.19196953929309407
   139495692 |    0.05092265798125895
   162277376 |     0.0790313630297145
   162107917 |     0.0402153673873393
   149909669 |    0.04458014770209513
   198676766 |    0.12749467555690788
   205558604 |    0.09870321271737782
   144380500 |    0.02521753888860735
   503097659 |   0.009053505713161861
   171724534 |    0.22532711128247093
   149098808 |    0.07897932269056149
   186309208 |     0.1461893585987305
   439707940 |    0.14963699493086627
   132508445 |    0.16458766741558012
   156257025 |    0.08694285483449779
   177733416 |    0.12142566164862686
   146584003 |    0.17281075658182232
    46005422 |    0.10394046009065584
   107870305 |      0.803239511573463
   104525852 |     0.0470059319911435
   135986818 |    0.14773625731482853
   108463367 |    0.27078008758600025
   137728196 |     0.4827131926541948
   447733337 |     0.1614972438333396
   195325402 |    0.42200023157848804
   442697526 |    0.22349538530650545
   173761270 |    0.04364718427989821
   454821215 |    0.05504365877277909
   239057073 |     0.4263948162445267
   123001968 |   0.034657591975190596
   171241791 |    0.08367209728665607
   187131391 |    0.02278428685465409
    79226862 |    0.14301775185051177
   139725330 |     0.1056854118142659
    50355977 |    0.02628329540060639
   435619519 |    0.08384447779182756
   152597179 |    0.07645383932230886
   157053065 |     0.5564571475624251
   444407195 |    0.01187175841584199
   175051727 |   0.022669452335765658
   451418868 |    0.14173405150594365
   198462743 |    0.04274966304720672
   148358815 |   0.011448340461568639
   185656010 |    0.07695504712426969
   269909605 |    0.12068854057271013
   500552879 |    0.05377877771793308
   171691018 |    0.18634971191707525
   461768592 |     0.1190556713115029
    57537500 |    0.46943872362338007
   122991443 |    0.44905019207573355
    26837669 |    0.09920744216987347
   147184645 |    0.37215904956083407
    89875387 |    0.05831836747521561
   504443498 |      0.462570098343202
   237353091 |    0.11484710715433909
   200666250 |   0.062437542909038864
   478734460 |    0.41448620036873124
    25247111 |     0.4379827182953481
    47835007 |   0.023352713486427205
   172519058 |    0.14243730135157884
    45524043 |    0.04906443315673538
   463016486 |    0.05008883855288249
   138478851 |     0.1687821655360445
   137761401 |    0.40402634578669655
   139239197 |     0.2713293559289997
   137968227 |      5.648723435983479
    29483769 |    0.05121759369357051
   421837166 |    0.22203680637861373
   484441092 |    0.15378074756538807
    94001165 |   0.022005273132853137
   499845715 |   0.006190754024694017
    81762924 |    0.09287555712848201
   160487485 |     0.0325199035001825
   422197601 |   0.009907275627632203
   137876397 |    0.05365372738017925
   267932186 |    0.09508466243063887
   148934000 |     0.6814008678815615
   117119697 |    0.16774695777595924
   438622058 |   0.043070271317480556
   248134382 |    0.22224474934532085
   471278836 |     0.4328844825105479
   106362263 |   0.049975853359542924
    73197116 |  0.0017135912090701347
   158378319 |    0.09888671657236013
   149773278 |   0.053902852182859146
   490510835 |    0.19596591359635682
   475733390 |    0.13696861753803094
   180811987 |       0.62481586290872
   181485341 |    0.10769164648650162
   135765072 |    0.09347934358020973
   144752121 |     0.1658808798685302
   138539812 |     0.2606099821705813
   122689548 |    0.32043282017050423
(1889 rows)

